11
4
13 30 34 40 
3
1 12 22 11
2 10 25 10
3 18 25 13
4
15 26 30 32 
5
1 4 15 5
2 12 32 14
3 0 13 4
4 6 13 5
5 16 22 13
4
9 10 27 34 
4
1 3 17 3
2 6 20 9
3 20 27 8
4 8 27 8
5
24 25 27 30 32 
6
1 5 25 13
2 8 21 3
3 11 20 11
4 6 23 12
5 3 9 12
6 7 15 7
4
16 16 35 38 
5
1 18 33 7
2 4 18 7
3 12 22 12
4 1 19 11
5 17 23 14
4
7 15 17 39 
4
1 5 10 15
2 0 6 7
3 12 29 7
4 14 27 6
2
12 14 
5
1 5 16 5
2 20 36 14
3 11 28 7
4 3 11 10
5 3 18 13
2
6 9 
4
1 10 30 9
2 12 22 12
3 8 16 3
4 2 7 10
5
5 10 11 37 40 
5
1 11 30 9
2 0 6 3
3 14 24 8
4 17 29 13
5 9 19 13
4
16 18 20 39 
4
1 6 20 15
2 7 14 13
3 11 30 13
4 6 18 4
5
17 23 29 30 38 
3
1 20 29 9
2 10 16 7
3 2 11 4
